(1, 561, 561, 3)
(1, 3, 561, 561)
type of p_net
<class 'keras.engine.training.Model'>
None detected in in_h
None detected in in_w
[[[[ -0.21630572   0.7967184    1.1449387  ...   1.7997994
      4.441158     5.684492  ]
   [  0.12420548   0.8886882    0.9846203  ...   1.6011772
      4.476929     6.0405936 ]
   [  0.0945175    0.9560648    1.1975654  ...   1.8718641
      4.847079     6.761245  ]
   ...
   [ -6.4698944   -8.81227      5.372417   ...  -1.469702
     -0.8580963   -1.1933485 ]
   [  4.067394     2.7649136    1.7063031  ...  -1.0023159
     -1.0087969   -1.1704819 ]
   [  4.1459947    2.2476747    2.6177766  ...   0.15385443
     -0.26046094  -0.28535637]]

  [[  0.75220543   0.7741409    0.28134528 ...   0.20676564
      5.034416     4.073     ]
   [  1.0239375    0.92696816   0.22199164 ...  -1.049487
      5.1920934    4.3073297 ]
   [  1.2951089    1.3051288    0.39885768 ...  -1.4325546
      5.73484      5.316552  ]
   ...
   [  1.6770836   -3.4964993   -5.982697   ...  -0.8798227
     -0.9256105   -1.7070308 ]
   [ -1.3741157   -0.5339638   -5.342198   ...  -0.3376942
     -1.2223054   -2.2446923 ]
   [  2.8568506    1.1706319   -1.1099477  ...   0.9545439
     -0.48569763  -1.7473061 ]]

  [[  1.5110922    0.98506004   0.649922   ...   1.3678495
     -0.96143      3.6844485 ]
   [  1.7661179    0.9512543    0.32740915 ...   1.9387014
     -0.6146801    4.0605025 ]
   [  1.6881697    0.66305286  -0.0460331  ...   2.5727258
     -0.61469424   4.567619  ]
   ...
   [-10.892485    -5.2923613    1.8630782  ...   1.2169241
      0.58338517  -0.06782691]
   [  1.0846068   -0.703088    -1.8609037  ...  -0.6336487
     -0.32906854  -0.20652026]
   [ -4.611603    -5.874966    -5.419039   ...  -3.1047854
     -2.5849252   -2.327039  ]]

  [[  1.3439147    0.90149605   0.18140508 ...  -0.06083964
     -1.5428879   -2.2076676 ]
   [  1.4696043    1.1747469    0.19866464 ...   0.08037153
     -0.86351556  -1.3026156 ]
   [  1.5651991    1.0948397   -0.36730373 ...   0.09347638
     -0.7985856   -1.0954705 ]
   ...
   [  7.550883     9.178621     0.92319834 ...   3.4103665
      2.2857854    1.2055302 ]
   [  3.6973705    5.2127366    1.9178265  ...   1.8123349
      1.982432     1.7998575 ]
   [  0.36054626   1.7597405    0.4315096  ...   1.7304425
      1.4724411    0.9954945 ]]]]
[[[[1.00000000e+00 1.00000000e+00 9.99989271e-01 ... 1.00000000e+00
    9.99788702e-01 1.00000000e+00]
   [1.00000000e+00 9.98851895e-01 6.62930965e-01 ... 1.00000000e+00
    9.96140778e-01 1.00000000e+00]
   [1.00000000e+00 9.29324515e-03 9.96236265e-01 ... 1.00000000e+00
    9.99999762e-01 1.00000000e+00]
   ...
   [1.00000000e+00 1.00000000e+00 1.00000000e+00 ... 1.00000000e+00
    1.00000000e+00 1.00000000e+00]
   [1.00000000e+00 1.00000000e+00 1.00000000e+00 ... 1.00000000e+00
    1.00000000e+00 1.00000000e+00]
   [1.00000000e+00 1.00000000e+00 1.00000000e+00 ... 1.00000000e+00
    1.00000000e+00 1.00000000e+00]]

  [[2.37535821e-15 3.06529593e-08 1.06877542e-05 ... 1.31568400e-29
    2.11268431e-04 0.00000000e+00]
   [2.58584014e-14 1.14812073e-03 3.37068975e-01 ... 2.31564316e-36
    3.85922566e-03 0.00000000e+00]
   [2.06713553e-11 9.90706742e-01 3.76374065e-03 ... 1.40129846e-45
    2.88578008e-07 0.00000000e+00]
   ...
   [0.00000000e+00 0.00000000e+00 0.00000000e+00 ... 0.00000000e+00
    1.04754067e-40 0.00000000e+00]
   [0.00000000e+00 0.00000000e+00 0.00000000e+00 ... 2.79976391e-19
    1.17725461e-34 4.44071483e-41]
   [2.26696450e-34 1.38531946e-39 0.00000000e+00 ... 1.51116925e-33
    4.89065630e-35 3.53652644e-38]]]]
